[gd_scene load_steps=53 format=3 uid="uid://bmm4cia8scasi"]

[ext_resource type="Script" uid="uid://dr14ymlboy5l6" path="res://scripts/animated_player_controller.gd" id="1_fgun1"]
[ext_resource type="ArrayMesh" uid="uid://cygdicyq81xl" path="res://assets/models/humanoids/AnimationLibrary_Godot_Standard_Mannequin.res" id="2_svcap"]
[ext_resource type="Animation" uid="uid://q5sg6nfa2uq" path="res://assets/anims/A_TPose.res" id="3_wufys"]
[ext_resource type="Animation" uid="uid://bqre28qlbgpre" path="res://assets/anims/Crouch_Fwd.res" id="4_hr3gs"]
[ext_resource type="Animation" uid="uid://d3reqlpgabnef" path="res://assets/anims/Crouch_Idle.res" id="5_jc43k"]
[ext_resource type="Animation" uid="uid://ceesdbvadl1sa" path="res://assets/anims/Dance.res" id="6_affxb"]
[ext_resource type="Animation" uid="uid://booftyos8yjp4" path="res://assets/anims/Death01.res" id="7_cs4hq"]
[ext_resource type="Animation" uid="uid://d16107b5qthmb" path="res://assets/anims/Driving.res" id="8_ur61r"]
[ext_resource type="Animation" uid="uid://buouc6oreq4ix" path="res://assets/anims/Fixing_Kneeling.res" id="9_xb057"]
[ext_resource type="Animation" uid="uid://bik7d73m4ax1n" path="res://assets/anims/Hit_Chest.res" id="10_nw1yp"]
[ext_resource type="Animation" uid="uid://cbi16ndc3oycd" path="res://assets/anims/Hit_Head.res" id="11_gmxcy"]
[ext_resource type="Animation" uid="uid://cbqyb1ym48a28" path="res://assets/anims/Idle.res" id="12_nk2wr"]
[ext_resource type="Animation" uid="uid://cepp7pwfieygd" path="res://assets/anims/Idle_Talking.res" id="13_cuylj"]
[ext_resource type="Animation" uid="uid://dvq6mfo4gg3kd" path="res://assets/anims/Idle_Torch.res" id="14_osnp4"]
[ext_resource type="Animation" uid="uid://decb8slb6sgr0" path="res://assets/anims/Interact.res" id="15_sck10"]
[ext_resource type="Animation" uid="uid://bogdaldjc4lyv" path="res://assets/anims/Jog_Fwd.res" id="16_k0e4o"]
[ext_resource type="Animation" uid="uid://chw7a6kgxayhm" path="res://assets/anims/Jump.res" id="17_p1xlk"]
[ext_resource type="Animation" uid="uid://b757sve4i685o" path="res://assets/anims/Jump_Land.res" id="18_cu2pb"]
[ext_resource type="Animation" uid="uid://bawxg8ek4ae2c" path="res://assets/anims/Jump_Start.res" id="19_rieki"]
[ext_resource type="Animation" uid="uid://6s068tlfik77" path="res://assets/anims/PickUp_Table.res" id="20_ca7wu"]
[ext_resource type="Animation" uid="uid://csh18nvtg1wxx" path="res://assets/anims/Pistol_Aim_Down.res" id="21_n07to"]
[ext_resource type="Animation" uid="uid://c7eoer8kpuuv4" path="res://assets/anims/Pistol_Aim_Neutral.res" id="22_gvf7w"]
[ext_resource type="Animation" uid="uid://drvqbuga37fjt" path="res://assets/anims/Pistol_Aim_Up.res" id="23_8u8ps"]
[ext_resource type="Animation" uid="uid://buidhgheb3f1u" path="res://assets/anims/Pistol_Idle.res" id="24_qa1c0"]
[ext_resource type="Animation" uid="uid://cbla4ewe58wjm" path="res://assets/anims/Pistol_Reload.res" id="25_6qbp6"]
[ext_resource type="Animation" uid="uid://fiopeam841ct" path="res://assets/anims/Pistol_Shoot.res" id="26_nfbdu"]
[ext_resource type="Animation" uid="uid://dqb02mp0b8d5m" path="res://assets/anims/Punch_Cross.res" id="27_crg0k"]
[ext_resource type="Animation" uid="uid://gqqo7slsncg8" path="res://assets/anims/Punch_Enter.res" id="28_hie3u"]
[ext_resource type="Animation" uid="uid://coetdu6oc35ih" path="res://assets/anims/Punch_Jab.res" id="29_e4tv2"]
[ext_resource type="Animation" uid="uid://b4moryhcpwg27" path="res://assets/anims/Push.res" id="30_guflx"]
[ext_resource type="Animation" uid="uid://dmiupkqr7x7y6" path="res://assets/anims/Roll.res" id="31_vl0us"]
[ext_resource type="Animation" uid="uid://c1tvvpqy7sji2" path="res://assets/anims/Roll_RM.res" id="32_3bw0a"]
[ext_resource type="Animation" uid="uid://2ikqmebeqcgi" path="res://assets/anims/Sitting_Enter.res" id="33_3tcg5"]
[ext_resource type="Animation" uid="uid://cfxr6n2k644y0" path="res://assets/anims/Sitting_Exit.res" id="34_rxyph"]
[ext_resource type="Animation" uid="uid://uc8470uj71cq" path="res://assets/anims/Sitting_Idle.res" id="35_r1re4"]
[ext_resource type="Animation" uid="uid://c18ib6ja6ffdh" path="res://assets/anims/Sitting_Talking.res" id="36_ihhxy"]
[ext_resource type="Animation" uid="uid://efevadmqqund" path="res://assets/anims/Spell_Simple_Enter.res" id="37_8avni"]
[ext_resource type="Animation" uid="uid://dfol6slfn60y5" path="res://assets/anims/Spell_Simple_Exit.res" id="38_dhpv0"]
[ext_resource type="Animation" uid="uid://cfx8f0c6khon7" path="res://assets/anims/Spell_Simple_Idle.res" id="39_3g88a"]
[ext_resource type="Animation" uid="uid://jqiy117texpa" path="res://assets/anims/Spell_Simple_Shoot.res" id="40_bbgxj"]
[ext_resource type="Animation" uid="uid://nej61cdtjua5" path="res://assets/anims/Sprint.res" id="41_ar4hp"]
[ext_resource type="Animation" uid="uid://ccwnrr66b1fwm" path="res://assets/anims/Swim_Fwd.res" id="42_hjh0c"]
[ext_resource type="Animation" uid="uid://dpleujvtdauq0" path="res://assets/anims/Swim_Idle.res" id="43_icaii"]
[ext_resource type="Animation" uid="uid://dsokgvi6fqyfd" path="res://assets/anims/Sword_Attack.res" id="44_inplo"]
[ext_resource type="Animation" uid="uid://c85q4gulwufh6" path="res://assets/anims/Sword_Attack_RM.res" id="45_47meg"]
[ext_resource type="Animation" uid="uid://wnbbekrjxub6" path="res://assets/anims/Sword_Idle.res" id="46_j1a17"]
[ext_resource type="Animation" uid="uid://do50rtvjgrnuo" path="res://assets/anims/Walk.res" id="47_dlcbl"]
[ext_resource type="Animation" uid="uid://vvvqmv63wl75" path="res://assets/anims/Walk_Formal.res" id="48_kqyhj"]

[sub_resource type="CapsuleShape3D" id="CapsuleShape3D_cosw4"]
radius = 0.4
height = 1.8

[sub_resource type="Skin" id="Skin_828xx"]
resource_name = "Skin"
bind_count = 53
bind/0/name = &"root"
bind/0/bone = -1
bind/0/pose = Transform3D(1, 0, 0, 0, 0, -1, 0, 1, 0, 0, 0, 0)
bind/1/name = &"DEF-hips"
bind/1/bone = -1
bind/1/pose = Transform3D(1, 0, 0, 0, 0.968328, 0.249681, 0, -0.249681, 0.968328, 0, -0.875157, 0.277396)
bind/2/name = &"DEF-spine.001"
bind/2/bone = -1
bind/2/pose = Transform3D(1, 0, 0, 0, 0.992463, 0.122546, 0, -0.122546, 0.992463, 0, -1.04067, 0.144217)
bind/3/name = &"DEF-spine.002"
bind/3/bone = -1
bind/3/pose = Transform3D(1, 0, 0, 0, 0.999493, -0.0318536, 0, 0.0318535, 0.999493, 0, -1.17302, -0.0369834)
bind/4/name = &"DEF-spine.003"
bind/4/bone = -1
bind/4/pose = Transform3D(1, 0, 0, 0, 0.999475, -0.0323905, 0, 0.0323904, 0.999475, 0, -1.31427, -0.0376895)
bind/5/name = &"DEF-neck"
bind/5/bone = -1
bind/5/pose = Transform3D(1, 0, 0, 0, 0.981998, 0.188892, 0, -0.188892, 0.981998, 0, -1.45884, 0.291307)
bind/6/name = &"DEF-head"
bind/6/bone = -1
bind/6/pose = Transform3D(1, 0, 0, 0, 0.999471, 0.032517, 0, -0.032517, 0.999471, 0, -1.56804, 0.0459122)
bind/7/name = &"DEF-shoulder.L"
bind/7/bone = -1
bind/7/pose = Transform3D(0.507313, -5.1632e-05, 0.861762, 0.861762, -0.000609131, -0.507313, 0.000551101, 1, -0.000264536, -0.070992, 0.0209091, -1.45789)
bind/8/name = &"DEF-upper_arm.L"
bind/8/bone = -1
bind/8/pose = Transform3D(-7.29065e-07, -1, -4.08691e-05, 0.999853, -3.02712e-08, -0.0171257, 0.0171257, -4.08949e-05, 0.999853, 1.4408, -0.192992, 0.062163)
bind/9/name = &"DEF-forearm.L"
bind/9/bone = -1
bind/9/pose = Transform3D(2.80891e-09, -1, -1.6291e-07, 0.999851, -1.89031e-09, 0.0172388, -0.0172389, -1.82246e-07, 0.999851, 1.4408, -0.465022, 0.0781284)
bind/10/name = &"DEF-hand.L"
bind/10/bone = -1
bind/10/pose = Transform3D(-9.38951e-14, -1, 6.71544e-07, 1, -1.55722e-09, 1.22935e-07, -1.37836e-07, 6.52203e-07, 1, 1.4408, -0.7389, 0.0653992)
bind/11/name = &"DEF-f_index.01.L"
bind/11/bone = -1
bind/11/pose = Transform3D(5.40084e-10, 7.25932e-06, -1, 1, -1.55732e-09, -1.43611e-08, -8.96222e-14, -1, -7.23998e-06, -0.0345105, -0.8588, 1.4388)
bind/12/name = &"DEF-f_index.02.L"
bind/12/bone = -1
bind/12/pose = Transform3D(-5.48606e-17, 7.23998e-06, -1, 1, -1.55723e-09, -1.49012e-08, 6.38014e-21, -1, -7.22064e-06, -0.0345104, -0.8995, 1.4388)
bind/13/name = &"DEF-f_index.03.L"
bind/13/bone = -1
bind/13/pose = Transform3D(3.26253e-24, 7.23998e-06, -1, 1, -1.55723e-09, -1.49012e-08, -7.84236e-28, -1, -7.22064e-06, -0.0345104, -0.9343, 1.4388)
bind/14/name = &"DEF-f_middle.01.L"
bind/14/bone = -1
bind/14/pose = Transform3D(-0.0472285, 7.25981e-06, -0.998884, 0.998884, -5.14382e-09, -0.0472285, -3.43845e-07, -1, -7.23181e-06, -0.0195032, -0.862383, 1.4412)
bind/15/name = &"DEF-f_middle.02.L"
bind/15/bone = -1
bind/15/pose = Transform3D(-0.0442046, 7.23998e-06, -0.999023, 0.999022, -3.29004e-09, -0.0442046, -3.19164e-07, -1, -7.2131e-06, -0.0222418, -0.904667, 1.4412)
bind/16/name = &"DEF-f_middle.03.L"
bind/16/bone = -1
bind/16/pose = Transform3D(-0.0464616, 7.23998e-06, -0.99892, 0.99892, -3.24519e-09, -0.0464616, -3.3546e-07, -1, -7.21235e-06, -0.0201211, -0.938648, 1.4412)
bind/17/name = &"DEF-f_pinky.01.L"
bind/17/bone = -1
bind/17/pose = Transform3D(-0.0670132, 7.26033e-06, -0.997752, 0.997752, -6.77227e-09, -0.0670132, -4.8547e-07, -1, -7.22364e-06, -0.0492384, -0.851814, 1.4392)
bind/18/name = &"DEF-f_pinky.02.L"
bind/18/bone = -1
bind/18/pose = Transform3D(-0.0686779, 7.23998e-06, -0.997639, 0.997639, -6.43922e-09, -0.0686779, -4.95826e-07, -1, -7.20254e-06, -0.0477498, -0.892185, 1.4392)
bind/19/name = &"DEF-f_pinky.03.L"
bind/19/bone = -1
bind/19/pose = Transform3D(-0.0674617, 7.23998e-06, -0.997722, 0.997722, -6.46418e-09, -0.0674617, -4.87046e-07, -1, -7.20314e-06, -0.0488711, -0.919791, 1.4392)
bind/20/name = &"DEF-f_ring.01.L"
bind/20/bone = -1
bind/20/pose = Transform3D(-0.0356007, 7.25924e-06, -0.999366, 0.999366, -3.89557e-09, -0.0356007, -2.59303e-07, -1, -7.23534e-06, -0.0519128, -0.860393, 1.4409)
bind/21/name = &"DEF-f_ring.02.L"
bind/21/bone = -1
bind/21/pose = Transform3D(-0.0355763, 7.23998e-06, -0.999367, 0.999367, -2.34024e-09, -0.0355763, -2.56887e-07, -1, -7.21616e-06, -0.0519347, -0.899717, 1.4409)
bind/22/name = &"DEF-f_ring.03.L"
bind/22/bone = -1
bind/22/pose = Transform3D(-0.037709, 7.23998e-06, -0.999289, 0.999289, -2.29912e-09, -0.037709, -2.72286e-07, -1, -7.21559e-06, -0.0499485, -0.930745, 1.4409)
bind/23/name = &"DEF-thumb.01.L"
bind/23/bone = -1
bind/23/pose = Transform3D(0.489806, 0.871831, -0.000691578, 0.794797, -0.446201, 0.411342, 0.358312, -0.202028, -0.911481, -1.61157, 0.0368204, -0.0170489)
bind/24/name = &"DEF-thumb.02.L"
bind/24/bone = -1
bind/24/pose = Transform3D(0.489935, 0.871758, -0.000787213, 0.794653, -0.44623, 0.41159, 0.358455, -0.202278, -0.911369, -1.61157, -0.00605027, -0.0168118)
bind/25/name = &"DEF-thumb.03.L"
bind/25/bone = -1
bind/25/pose = Transform3D(0.489026, 0.872269, -0.00108014, 0.795354, -0.445396, 0.411137, 0.358141, -0.201916, -0.911573, -1.61151, -0.056862, -0.0170448)
bind/26/name = &"DEF-shoulder.R"
bind/26/bone = -1
bind/26/pose = Transform3D(0.507313, 5.1632e-05, -0.861762, -0.861762, -0.000609131, -0.507313, -0.000551101, 1, -0.000264536, 0.070992, 0.0209091, -1.45789)
bind/27/name = &"DEF-upper_arm.R"
bind/27/bone = -1
bind/27/pose = Transform3D(-7.31224e-07, 1, 4.09882e-05, -0.999853, -4.84217e-08, -0.0171257, -0.0171258, -4.09875e-05, 0.999853, -1.4408, -0.192992, 0.0621631)
bind/28/name = &"DEF-forearm.R"
bind/28/bone = -1
bind/28/pose = Transform3D(4.86383e-09, 1, 2.82102e-07, -0.999851, -1.89969e-08, 0.0172389, 0.0172389, -2.74166e-07, 0.999851, -1.4408, -0.465022, 0.0781285)
bind/29/name = &"DEF-hand.R"
bind/29/bone = -1
bind/29/pose = Transform3D(-1.08994e-13, 1, -7.90754e-07, -1, -1.91316e-08, 1.52737e-07, 1.37836e-07, 7.98403e-07, 1, -1.4408, -0.7389, 0.065399)
bind/30/name = &"DEF-f_index.01.R"
bind/30/bone = -1
bind/30/pose = Transform3D(5.40098e-10, -7.23233e-06, 1, -1, -1.91317e-08, 1.54413e-08, 1.04657e-13, -1, -7.23998e-06, 0.0345104, -0.8588, 1.4388)
bind/31/name = &"DEF-f_index.02.R"
bind/31/bone = -1
bind/31/pose = Transform3D(7.56912e-19, -7.23998e-06, 1, -1, -1.91316e-08, 1.49012e-08, -1.3558e-20, -1, -7.24763e-06, 0.0345104, -0.8995, 1.4388)
bind/32/name = &"DEF-f_index.03.R"
bind/32/bone = -1
bind/32/pose = Transform3D(-4.6461e-26, -7.23998e-06, 1, -1, -1.91316e-08, 1.49012e-08, 1.61592e-27, -1, -7.24763e-06, 0.0345105, -0.9343, 1.4388)
bind/33/name = &"DEF-f_middle.01.R"
bind/33/bone = -1
bind/33/pose = Transform3D(-0.0472285, -7.23327e-06, 0.998884, -0.998884, -2.02632e-08, -0.0472285, 3.42027e-07, -1, -7.2319e-06, 0.0195031, -0.862383, 1.4412)
bind/34/name = &"DEF-f_middle.02.R"
bind/34/bone = -1
bind/34/pose = Transform3D(-0.0442046, -7.23998e-06, 0.999023, -0.999023, -2.01495e-08, -0.0442046, 3.2034e-07, -1, -7.23967e-06, 0.0222418, -0.904667, 1.4412)
bind/35/name = &"DEF-f_middle.03.R"
bind/35/bone = -1
bind/35/pose = Transform3D(-0.0464616, -7.23998e-06, 0.99892, -0.99892, -2.01647e-08, -0.0464615, 3.36693e-07, -1, -7.23888e-06, 0.0201211, -0.938648, 1.4412)
bind/36/name = &"DEF-f_pinky.01.R"
bind/36/bone = -1
bind/36/pose = Transform3D(-0.0670132, -7.23411e-06, 0.997752, -0.997752, -2.61471e-08, -0.0670132, 4.86012e-07, -1, -7.22368e-06, 0.0492383, -0.851814, 1.4392)
bind/37/name = &"DEF-f_pinky.02.R"
bind/37/bone = -1
bind/37/pose = Transform3D(-0.0686779, -7.23998e-06, 0.997639, -0.997639, -2.53198e-08, -0.0686779, 4.97629e-07, -1, -7.22873e-06, 0.0477498, -0.892185, 1.4392)
bind/38/name = &"DEF-f_pinky.03.R"
bind/38/bone = -1
bind/38/pose = Transform3D(-0.0674617, -7.23998e-06, 0.997722, -0.997722, -2.53128e-08, -0.0674616, 4.88819e-07, -1, -7.22937e-06, 0.0488711, -0.919792, 1.4392)
bind/39/name = &"DEF-f_ring.01.R"
bind/39/bone = -1
bind/39/pose = Transform3D(-0.0356007, -7.2331e-06, 0.999366, -0.999366, -1.86843e-08, -0.0356006, 2.56098e-07, -1, -7.23545e-06, 0.0519128, -0.860393, 1.4409)
bind/40/name = &"DEF-f_ring.02.R"
bind/40/bone = -1
bind/40/pose = Transform3D(-0.0355763, -7.23998e-06, 0.999367, -0.999367, -2.0335e-08, -0.0355763, 2.57816e-07, -1, -7.24227e-06, 0.0519348, -0.899717, 1.4409)
bind/41/name = &"DEF-f_ring.03.R"
bind/41/bone = -1
bind/41/pose = Transform3D(-0.037709, -7.23998e-06, 0.999289, -0.999289, -2.03497e-08, -0.037709, 2.7327e-07, -1, -7.24166e-06, 0.0499485, -0.930745, 1.4409)
bind/42/name = &"DEF-thumb.01.R"
bind/42/bone = -1
bind/42/pose = Transform3D(0.489806, -0.871831, 0.000691667, -0.794797, -0.446201, 0.411342, -0.358312, -0.202028, -0.911481, 1.61157, 0.0368206, -0.0170486)
bind/43/name = &"DEF-thumb.02.R"
bind/43/bone = -1
bind/43/pose = Transform3D(0.489935, -0.871759, 0.000787214, -0.794653, -0.44623, 0.41159, -0.358455, -0.202278, -0.911369, 1.61157, -0.00605037, -0.0168117)
bind/44/name = &"DEF-thumb.03.R"
bind/44/bone = -1
bind/44/pose = Transform3D(0.489026, -0.872269, 0.00107996, -0.795354, -0.445396, 0.411137, -0.358141, -0.201916, -0.911573, 1.61151, -0.0568621, -0.017045)
bind/45/name = &"DEF-thigh.L"
bind/45/bone = -1
bind/45/pose = Transform3D(1, 0, 0, 0, -0.999976, -0.00699443, 0, 0.00699458, -0.999976, -0.089, 0.932087, -0.00511971)
bind/46/name = &"DEF-shin.L"
bind/46/bone = -1
bind/46/pose = Transform3D(1, 2.10272e-05, -0.000261679, 0, -0.996787, -0.0800968, -0.000262522, 0.0800969, -0.996787, -0.0890115, 0.529979, -0.0439677)
bind/47/name = &"DEF-foot.L"
bind/47/bone = -1
bind/47/pose = Transform3D(1, -0.000890556, -0.000528954, 2.91038e-11, -0.510672, 0.859776, -0.0010358, -0.859775, -0.510672, -0.0889265, 0.0837367, 0.0709688)
bind/48/name = &"DEF-toe.L"
bind/48/bone = -1
bind/48/pose = Transform3D(-1, -4.08618e-08, 1.21778e-15, 4.87804e-15, -1.19209e-07, 1, -4.092e-08, 1, -2.98023e-08, 0.089, -0.1132, -0.0152)
bind/49/name = &"DEF-thigh.R"
bind/49/bone = -1
bind/49/pose = Transform3D(1, 0, 0, 0, -0.999976, -0.00699443, 0, 0.00699458, -0.999976, 0.089, 0.932087, -0.00511971)
bind/50/name = &"DEF-shin.R"
bind/50/bone = -1
bind/50/pose = Transform3D(1, 2.10272e-05, -0.000261679, 0, -0.996787, -0.0800968, -0.000262522, 0.0800969, -0.996787, 0.0889885, 0.529979, -0.0440144)
bind/51/name = &"DEF-foot.R"
bind/51/bone = -1
bind/51/pose = Transform3D(1, -0.000890556, -0.000528954, 2.91038e-11, -0.510672, 0.859776, -0.0010358, -0.859775, -0.510672, 0.0890734, 0.0837367, 0.0707845)
bind/52/name = &"DEF-toe.R"
bind/52/bone = -1
bind/52/pose = Transform3D(-1, -4.08618e-08, 1.21778e-15, 4.87804e-15, -1.19209e-07, 1, -4.092e-08, 1, -2.98023e-08, -0.089, -0.1132, -0.0152)

[sub_resource type="AnimationLibrary" id="AnimationLibrary_r25lx"]
_data = {
&"A_TPose": ExtResource("3_wufys"),
&"Crouch_Fwd": ExtResource("4_hr3gs"),
&"Crouch_Idle": ExtResource("5_jc43k"),
&"Dance": ExtResource("6_affxb"),
&"Death01": ExtResource("7_cs4hq"),
&"Driving": ExtResource("8_ur61r"),
&"Fixing_Kneeling": ExtResource("9_xb057"),
&"Hit_Chest": ExtResource("10_nw1yp"),
&"Hit_Head": ExtResource("11_gmxcy"),
&"Idle": ExtResource("12_nk2wr"),
&"Idle_Talking": ExtResource("13_cuylj"),
&"Idle_Torch": ExtResource("14_osnp4"),
&"Interact": ExtResource("15_sck10"),
&"Jog_Fwd": ExtResource("16_k0e4o"),
&"Jump": ExtResource("17_p1xlk"),
&"Jump_Land": ExtResource("18_cu2pb"),
&"Jump_Start": ExtResource("19_rieki"),
&"PickUp_Table": ExtResource("20_ca7wu"),
&"Pistol_Aim_Down": ExtResource("21_n07to"),
&"Pistol_Aim_Neutral": ExtResource("22_gvf7w"),
&"Pistol_Aim_Up": ExtResource("23_8u8ps"),
&"Pistol_Idle": ExtResource("24_qa1c0"),
&"Pistol_Reload": ExtResource("25_6qbp6"),
&"Pistol_Shoot": ExtResource("26_nfbdu"),
&"Punch_Cross": ExtResource("27_crg0k"),
&"Punch_Enter": ExtResource("28_hie3u"),
&"Punch_Jab": ExtResource("29_e4tv2"),
&"Push": ExtResource("30_guflx"),
&"Roll": ExtResource("31_vl0us"),
&"Roll_RM": ExtResource("32_3bw0a"),
&"Sitting_Enter": ExtResource("33_3tcg5"),
&"Sitting_Exit": ExtResource("34_rxyph"),
&"Sitting_Idle": ExtResource("35_r1re4"),
&"Sitting_Talking": ExtResource("36_ihhxy"),
&"Spell_Simple_Enter": ExtResource("37_8avni"),
&"Spell_Simple_Exit": ExtResource("38_dhpv0"),
&"Spell_Simple_Idle": ExtResource("39_3g88a"),
&"Spell_Simple_Shoot": ExtResource("40_bbgxj"),
&"Sprint": ExtResource("41_ar4hp"),
&"Swim_Fwd": ExtResource("42_hjh0c"),
&"Swim_Idle": ExtResource("43_icaii"),
&"Sword_Attack": ExtResource("44_inplo"),
&"Sword_Attack_RM": ExtResource("45_47meg"),
&"Sword_Idle": ExtResource("46_j1a17"),
&"Walk": ExtResource("47_dlcbl"),
&"Walk_Formal": ExtResource("48_kqyhj")
}

[sub_resource type="AnimationNodeStateMachine" id="AnimationNodeStateMachine_hyodw"]

[node name="AnimatedPlayer" type="CharacterBody3D"]
script = ExtResource("1_fgun1")

[node name="CollisionShape3D" type="CollisionShape3D" parent="."]
transform = Transform3D(1, 0, 0, 0, 1, 0, 0, 0, 1, 0, 0.9, 0)
shape = SubResource("CapsuleShape3D_cosw4")

[node name="Camera3D" type="Camera3D" parent="."]
transform = Transform3D(1, 0, 0, 0, 1, 0, 0, 0, 1, 0, 1.65, 0)

[node name="Rig" type="Node3D" parent="."]
transform = Transform3D(-1, 0, -8.74228e-08, 0, 1, 0, 8.74228e-08, 0, -1, 0, 0, 0)

[node name="Skeleton3D" type="Skeleton3D" parent="Rig"]
bones/0/name = "root"
bones/0/parent = -1
bones/0/rest = Transform3D(1, 0, 0, 0, 0, 1, 0, -1, 0, 0, 0, 0)
bones/0/enabled = true
bones/0/position = Vector3(0, 0, 0)
bones/0/rotation = Quaternion(-0.707107, 0, 0, 0.707107)
bones/0/scale = Vector3(1, 1, 1)
bones/1/name = "DEF-hips"
bones/1/parent = 0
bones/1/rest = Transform3D(1, 0, 0, 0, -0.249681, -0.968328, 0, 0.968328, -0.249681, 0, 0.0501, 0.9167)
bones/1/enabled = true
bones/1/position = Vector3(0, 0.0501, 0.9167)
bones/1/rotation = Quaternion(0.790469, 0, 0, 0.612503)
bones/1/scale = Vector3(1, 1, 1)
bones/2/name = "DEF-spine.001"
bones/2/parent = 1
bones/2/rest = Transform3D(1, 0, 0, 0, 0.991627, 0.129134, 0, -0.129134, 0.991627, 0, 0.138176, -1.21072e-08)
bones/2/enabled = true
bones/2/position = Vector3(0, 0.138176, -1.21072e-08)
bones/2/rotation = Quaternion(-0.0647026, 0, 0, 0.997905)
bones/2/scale = Vector3(1, 1, 1)
bones/3/name = "DEF-spine.002"
bones/3/parent = 2
bones/3/rest = Transform3D(1, 0, 0, 0, 0.988056, 0.154097, 0, -0.154097, 0.988056, 0, 0.124035, 3.49246e-10)
bones/3/enabled = true
bones/3/position = Vector3(0, 0.124035, 3.49246e-10)
bones/3/rotation = Quaternion(-0.07728, 0, 0, 0.997009)
bones/3/scale = Vector3(1, 1, 1)
bones/4/name = "DEF-spine.003"
bones/4/parent = 3
bones/4/rest = Transform3D(1, 0, 0, 0, 1, 0.000537183, 0, -0.000537183, 1, 0, 0.141272, 5.58794e-09)
bones/4/enabled = true
bones/4/position = Vector3(0, 0.141272, 5.58794e-09)
bones/4/rotation = Quaternion(-0.000268637, 0, 0, 1)
bones/4/scale = Vector3(1, 1, 1)
bones/5/name = "DEF-neck"
bones/5/parent = 4
bones/5/rest = Transform3D(1, 0, 0, 0, 0.975364, -0.2206, 0, 0.2206, 0.975364, 0, 0.172891, -1.86265e-09)
bones/5/enabled = true
bones/5/position = Vector3(0, 0.172891, -1.86265e-09)
bones/5/rotation = Quaternion(0.110986, 0, 0, 0.993822)
bones/5/scale = Vector3(1, 1, 1)
bones/6/name = "DEF-head"
bones/6/parent = 5
bones/6/rest = Transform3D(1, 0, 0, 0, 0.987621, 0.156861, 0, -0.156861, 0.987621, 0, 0.0825868, -1.39698e-09)
bones/6/enabled = true
bones/6/position = Vector3(0, 0.0825868, -1.39698e-09)
bones/6/rotation = Quaternion(-0.078674, 0, 0, 0.9969)
bones/6/scale = Vector3(1, 1, 1)
bones/7/name = "DEF-shoulder.L"
bones/7/parent = 4
bones/7/rest = Transform3D(0.507313, 0.861762, 0.000551134, -0.0279645, 0.0158232, 0.999484, 0.861308, -0.507066, 0.0321261, 0.0188, 0.140554, 0.080895)
bones/7/enabled = true
bones/7/position = Vector3(0.0188, 0.140554, 0.080895)
bones/7/rotation = Quaternion(-0.604021, -0.345103, -0.356718, 0.623551)
bones/7/scale = Vector3(1, 1, 1)
bones/8/name = "DEF-upper_arm.L"
bones/8/parent = 7
bones/8/rest = Transform3D(1.5974e-05, 0.49248, 0.870324, 0.000629276, 0.870323, -0.49248, -1, 0.00055556, -0.000295997, -0.0300723, 0.218582, -0.0169685)
bones/8/enabled = true
bones/8/position = Vector3(-0.0300723, 0.218582, -0.0169685)
bones/8/rotation = Quaternion(0.18027, 0.68385, -0.179836, 0.683748)
bones/8/scale = Vector3(1, 1, 1)
bones/9/name = "DEF-forearm.L"
bones/9/parent = 8
bones/9/rest = Transform3D(1, -1.43349e-06, -4.06875e-05, 3.46441e-08, 0.99941, -0.0343595, 4.07127e-05, 0.0343595, 0.99941, 2.15651e-08, 0.27444, -1.28784e-09)
bones/9/enabled = true
bones/9/position = Vector3(2.15651e-08, 0.27444, -1.28784e-09)
bones/9/rotation = Quaternion(0.0171822, -2.04633e-05, 4.4316e-07, 0.999852)
bones/9/scale = Vector3(1, 1, 1)
bones/10/name = "DEF-hand.L"
bones/10/parent = 9
bones/10/rest = Transform3D(1, 2.80889e-09, -8.34455e-07, 1.15765e-08, 0.999851, 0.0172387, 8.34379e-07, -0.0172387, 0.999851, 1.27298e-08, 0.272641, -1.81021e-09)
bones/10/enabled = true
bones/10/position = Vector3(1.27298e-08, 0.272641, -1.81021e-09)
bones/10/rotation = Quaternion(-0.00861974, 2.0552e-09, 2.3841e-07, 0.999963)
bones/10/scale = Vector3(1, 1, 1)
bones/11/name = "DEF-f_index.01.L"
bones/11/parent = 10
bones/11/rest = Transform3D(-7.98702e-06, 7.10543e-15, 1, -1.37296e-07, 1, -1.10369e-12, -1, -1.37296e-07, -7.98702e-06, 0.00199983, 0.1199, 0.0309)
bones/11/enabled = true
bones/11/position = Vector3(0.00199983, 0.1199, 0.0309)
bones/11/rotation = Quaternion(2.37428e-07, 0.707109, -2.37426e-07, 0.707104)
bones/11/scale = Vector3(1, 1, 1)
bones/12/name = "DEF-f_index.02.L"
bones/12/parent = 11
bones/12/rest = Transform3D(1, 5.40083e-10, -1.93429e-08, -5.40083e-10, 1, 8.96424e-14, 1.93429e-08, -8.9632e-14, 1, -5.1282e-10, 0.0407, 1.13609e-08)
bones/12/enabled = true
bones/12/position = Vector3(-5.1282e-10, 0.0407, 1.13609e-08)
bones/12/rotation = Quaternion(-5.55116e-16, -1.1921e-07, 5.55165e-17, 1)
bones/12/scale = Vector3(1, 1, 1)
bones/13/name = "DEF-f_index.03.L"
bones/13/parent = 12
bones/13/rest = Transform3D(1, 2.65583e-16, 2.27374e-13, -2.65583e-16, 1, -1.46975e-17, -2.27374e-13, 1.46975e-17, 1, 9.7225e-10, 0.0348001, 1.06936e-08)
bones/13/enabled = true
bones/13/position = Vector3(9.7225e-10, 0.0348001, 1.06936e-08)
bones/13/rotation = Quaternion(-5.18146e-21, 9.7654e-34, -1.32792e-16, 1)
bones/13/scale = Vector3(1, 1, 1)
bones/14/name = "DEF-f_middle.01.L"
bones/14/parent = 10
bones/14/rest = Transform3D(-7.86781e-06, -2.98024e-08, 1, -0.0472287, 0.998884, -3.41817e-07, -0.998884, -0.0472287, -7.86044e-06, -0.000400226, 0.1216, 0.0052)
bones/14/enabled = true
bones/14/position = Vector3(-0.000400226, 0.1216, 0.0052)
bones/14/rotation = Quaternion(-0.0167022, 0.706912, -0.0167028, 0.706907)
bones/14/scale = Vector3(1, 1, 1)
bones/15/name = "DEF-f_middle.02.L"
bones/15/parent = 14
bones/15/rest = Transform3D(0.999995, -0.00302712, -1.98561e-08, 0.00302712, 0.999995, 2.377e-08, 1.9784e-08, -2.383e-08, 1, 3.63798e-10, 0.0423472, 2.01861e-08)
bones/15/enabled = true
bones/15/position = Vector3(3.63798e-10, 0.0423472, 2.01861e-08)
bones/15/rotation = Quaternion(-1.18311e-08, -1.19208e-07, 0.0015136, 0.999999)
bones/15/scale = Vector3(1, 1, 1)
bones/16/name = "DEF-f_middle.03.L"
bones/16/parent = 15
bones/16/rest = Transform3D(0.999997, 0.00225932, -2.55615e-11, -0.00225932, 0.999997, -1.63126e-08, -1.12938e-11, 1.63126e-08, 1, -2.78305e-10, 0.0339331, 1.60514e-07)
bones/16/enabled = true
bones/16/position = Vector3(-2.78305e-10, 0.0339331, 1.60514e-07)
bones/16/rotation = Quaternion(7.98139e-09, -1.53041e-13, -0.00112969, 0.999999)
bones/16/scale = Vector3(1, 1, 1)
bones/17/name = "DEF-f_pinky.01.L"
bones/17/parent = 10
bones/17/rest = Transform3D(-7.86781e-06, -3.72529e-08, 1, -0.0670133, 0.997752, -4.88013e-07, -0.997752, -0.0670133, -7.86781e-06, 0.00159972, 0.1077, -0.0408)
bones/17/enabled = true
bones/17/position = Vector3(0.00159972, 0.1077, -0.0408)
bones/17/rotation = Quaternion(-0.0237057, 0.706712, -0.0237064, 0.706707)
bones/17/scale = Vector3(1, 1, 1)
bones/18/name = "DEF-f_pinky.02.L"
bones/18/parent = 17
bones/18/rest = Transform3D(0.999999, 0.00166854, -2.03663e-08, -0.00166854, 0.999999, -1.17473e-08, 2.03467e-08, 1.17812e-08, 1, 3.34694e-09, 0.0402906, -1.48736e-09)
bones/18/enabled = true
bones/18/position = Vector3(3.34694e-09, 0.0402906, -1.48736e-09)
bones/18/rotation = Quaternion(5.8443e-09, -1.1921e-07, -0.000834283, 1)
bones/18/scale = Vector3(1, 1, 1)
bones/19/name = "DEF-f_pinky.03.L"
bones/19/parent = 18
bones/19/rest = Transform3D(0.999999, -0.00121905, 3.00938e-12, 0.00121905, 0.999999, 8.80092e-09, -1.37381e-11, -8.80091e-09, 1, -3.58432e-09, 0.0276653, 2.25449e-07)
bones/19/enabled = true
bones/19/position = Vector3(-3.58432e-09, 0.0276653, 2.25449e-07)
bones/19/rotation = Quaternion(-4.30629e-09, 1.1191e-14, 0.000609517, 1)
bones/19/scale = Vector3(1, 1, 1)
bones/20/name = "DEF-f_ring.01.L"
bones/20/parent = 10
bones/20/rest = Transform3D(-7.86781e-06, -1.86264e-08, 1, -0.0356008, 0.999366, -2.61486e-07, -0.999366, -0.0356008, -7.86349e-06, -0.000100191, 0.1191, -0.0171)
bones/20/enabled = true
bones/20/position = Vector3(-0.000100191, 0.1191, -0.0171)
bones/20/rotation = Quaternion(-0.0125884, 0.706997, -0.012589, 0.706992)
bones/20/scale = Vector3(1, 1, 1)
bones/21/name = "DEF-f_ring.02.L"
bones/21/parent = 20
bones/21/rest = Transform3D(1, -2.43802e-05, -1.92551e-08, 2.43802e-05, 1, 1.73183e-09, 1.9255e-08, -1.7323e-09, 1, -7.83075e-10, 0.039325, -1.02465e-07)
bones/21/enabled = true
bones/21/position = Vector3(-7.83075e-10, 0.039325, -1.02465e-07)
bones/21/rotation = Quaternion(-8.65608e-10, -1.19209e-07, 1.22152e-05, 1)
bones/21/scale = Vector3(1, 1, 1)
bones/22/name = "DEF-f_ring.03.L"
bones/22/parent = 21
bones/22/rest = Transform3D(0.999998, 0.00213413, -2.06413e-11, -0.00213413, 0.999998, -1.54099e-08, -1.22454e-11, 1.54099e-08, 1, -6.17638e-09, 0.0309196, -1.01906e-07)
bones/22/enabled = true
bones/22/position = Vector3(-6.17638e-09, 0.0309196, -1.01906e-07)
bones/22/rotation = Quaternion(7.53922e-09, 6.78772e-14, -0.0010671, 0.999999)
bones/22/scale = Vector3(1, 1, 1)
bones/23/name = "DEF-thumb.01.L"
bones/23/parent = 10
bones/23/rest = Transform3D(-0.871831, 0.446201, 0.202027, 0.489806, 0.794797, 0.358312, -0.000691026, 0.411342, -0.911481, 0.0227998, 0.0272999, 0.0336)
bones/23/enabled = true
bones/23/position = Vector3(0.0227998, 0.0272999, 0.0336)
bones/23/rotation = Quaternion(0.247413, 0.945795, 0.203441, 0.0535844)
bones/23/scale = Vector3(1, 1, 1)
bones/24/name = "DEF-thumb.02.L"
bones/24/parent = 23
bones/24/rest = Transform3D(1, -9.5849e-05, -0.000148227, 9.58892e-05, 1, 0.000271421, 0.000148201, -0.000271436, 1, 5.90444e-09, 0.0430298, 4.28408e-08)
bones/24/enabled = true
bones/24/position = Vector3(5.90444e-09, 0.0430298, 4.28408e-08)
bones/24/rotation = Quaternion(-0.000135865, -7.41036e-05, 4.79619e-05, 1)
bones/24/scale = Vector3(1, 1, 1)
bones/25/name = "DEF-thumb.03.L"
bones/25/parent = 24
bones/25/rest = Transform3D(0.999999, 0.00107071, 0.000161573, -0.00107063, 0.999999, -0.000495856, -0.000162104, 0.000495683, 1, -1.23012e-07, 0.0490779, -2.51457e-08)
bones/25/enabled = true
bones/25/position = Vector3(-1.23012e-07, 0.0490779, -2.51457e-08)
bones/25/rotation = Quaternion(0.000247957, 8.09392e-05, -0.000535307, 1)
bones/25/scale = Vector3(1, 1, 1)
bones/26/name = "DEF-shoulder.R"
bones/26/parent = 4
bones/26/rest = Transform3D(0.507313, -0.861762, -0.000551134, 0.0279645, 0.0158232, 0.999484, -0.861308, -0.507066, 0.0321261, -0.0188, 0.140554, 0.080895)
bones/26/enabled = true
bones/26/position = Vector3(-0.0188, 0.140554, 0.080895)
bones/26/rotation = Quaternion(-0.604021, 0.345103, 0.356718, 0.623551)
bones/26/scale = Vector3(1, 1, 1)
bones/27/name = "DEF-upper_arm.R"
bones/27/parent = 26
bones/27/rest = Transform3D(1.5974e-05, -0.49248, -0.870324, -0.000629276, 0.870323, -0.49248, 1, 0.00055556, -0.000295997, 0.0300723, 0.218582, -0.0169685)
bones/27/enabled = true
bones/27/position = Vector3(0.0300723, 0.218582, -0.0169685)
bones/27/rotation = Quaternion(0.18027, -0.68385, 0.179836, 0.683748)
bones/27/scale = Vector3(1, 1, 1)
bones/28/name = "DEF-forearm.R"
bones/28/parent = 27
bones/28/rest = Transform3D(1, 1.43771e-06, 4.06874e-05, -3.88563e-08, 0.99941, -0.0343595, -4.07128e-05, 0.0343595, 0.99941, -1.48123e-07, 0.27444, -7.94171e-09)
bones/28/enabled = true
bones/28/position = Vector3(-1.48123e-07, 0.27444, -7.94171e-09)
bones/28/rotation = Quaternion(0.0171823, 2.05229e-05, -5.0379e-07, 0.999852)
bones/28/scale = Vector3(1, 1, 1)
bones/29/name = "DEF-hand.R"
bones/29/parent = 28
bones/29/rest = Transform3D(1, -4.8638e-09, 1.07286e-06, -1.36316e-08, 0.999851, 0.0172387, -1.07278e-06, -0.0172387, 0.999851, -2.20433e-08, 0.27264, 1.72497e-09)
bones/29/enabled = true
bones/29/position = Vector3(-2.20433e-08, 0.27264, 1.72497e-09)
bones/29/rotation = Quaternion(-0.00861974, -2.05519e-09, -2.3841e-07, 0.999963)
bones/29/scale = Vector3(1, 1, 1)
bones/30/name = "DEF-f_index.01.R"
bones/30/parent = 29
bones/30/rest = Transform3D(-8.10623e-06, 7.10566e-15, -1, 1.37296e-07, 1, -1.10584e-12, 1, -1.37296e-07, -8.10623e-06, -0.00199983, 0.1199, 0.0309)
bones/30/enabled = true
bones/30/position = Vector3(-0.00199983, 0.1199, 0.0309)
bones/30/rotation = Quaternion(2.79575e-07, -0.707109, 2.79573e-07, 0.707104)
bones/30/scale = Vector3(1, 1, 1)
bones/31/name = "DEF-f_index.02.R"
bones/31/parent = 30
bones/31/rest = Transform3D(1, -5.40097e-10, -7.64817e-09, 5.40097e-10, 1, 1.04787e-13, 7.64817e-09, -1.04791e-13, 1, -5.35525e-09, 0.0407001, -1.07848e-07)
bones/31/enabled = true
bones/31/position = Vector3(-5.35525e-09, 0.0407001, -1.07848e-07)
bones/31/rotation = Quaternion(-8.42732e-21, 1.19209e-07, -4.44095e-16, 1)
bones/31/scale = Vector3(1, 1, 1)
bones/32/name = "DEF-f_index.03.R"
bones/32/parent = 31
bones/32/rest = Transform3D(1, 8.36375e-16, -2.27374e-13, -8.36375e-16, 1, 2.36766e-16, 2.27374e-13, -2.36766e-16, 1, -4.69663e-09, 0.0348, -1.07584e-07)
bones/32/enabled = true
bones/32/position = Vector3(-4.69663e-09, 0.0348, -1.07584e-07)
bones/32/rotation = Quaternion(-6.47186e-21, -4.95037e-32, -4.18188e-16, 1)
bones/32/scale = Vector3(1, 1, 1)
bones/33/name = "DEF-f_middle.01.R"
bones/33/parent = 29
bones/33/rest = Transform3D(-7.98702e-06, 3.91156e-08, -1, 0.0472287, 0.998884, -3.38144e-07, 0.998884, -0.0472287, -7.97996e-06, 0.000400233, 0.1216, 0.0052)
bones/33/enabled = true
bones/33/position = Vector3(0.000400233, 0.1216, 0.0052)
bones/33/rotation = Quaternion(-0.0167021, -0.706912, 0.0167028, 0.706907)
bones/33/scale = Vector3(1, 1, 1)
bones/34/name = "DEF-f_middle.02.R"
bones/34/parent = 33
bones/34/rest = Transform3D(0.999995, 0.00302712, -6.73411e-09, -0.00302712, 0.999995, 2.20301e-08, 6.80077e-09, -2.20096e-08, 1, 6.31189e-10, 0.0423473, -9.7376e-08)
bones/34/enabled = true
bones/34/position = Vector3(6.31189e-10, 0.0423473, -9.7376e-08)
bones/34/rotation = Quaternion(-1.09209e-08, 1.19209e-07, -0.0015136, 0.999999)
bones/34/scale = Vector3(1, 1, 1)
bones/35/name = "DEF-f_middle.03.R"
bones/35/parent = 34
bones/35/rest = Transform3D(0.999997, -0.00225932, 6.3646e-11, 0.00225932, 0.999997, -1.63725e-08, -2.66551e-11, 1.63726e-08, 1, 2.14186e-09, 0.0339332, 4.18958e-08)
bones/35/enabled = true
bones/35/position = Vector3(2.14186e-09, 0.0339332, 4.18958e-08)
bones/35/rotation = Quaternion(7.9814e-09, 1.36005e-13, 0.00112969, 0.999999)
bones/35/scale = Vector3(1, 1, 1)
bones/36/name = "DEF-f_pinky.01.R"
bones/36/parent = 29
bones/36/rest = Transform3D(-8.10623e-06, 4.47035e-08, -1, 0.0670133, 0.997752, -4.91738e-07, 0.997752, -0.0670133, -7.98702e-06, -0.0015997, 0.1077, -0.0408)
bones/36/enabled = true
bones/36/position = Vector3(-0.0015997, 0.1077, -0.0408)
bones/36/rotation = Quaternion(-0.0237057, -0.706712, 0.0237064, 0.706707)
bones/36/scale = Vector3(1, 1, 1)
bones/37/name = "DEF-f_pinky.02.R"
bones/37/parent = 36
bones/37/rest = Transform3D(0.999999, -0.00166853, -5.81864e-09, 0.00166853, 0.999998, -1.12528e-08, 5.83741e-09, 1.12431e-08, 1, 8.57654e-10, 0.0402905, -1.96366e-09)
bones/37/enabled = true
bones/37/position = Vector3(8.57654e-10, 0.0402905, -1.96366e-09)
bones/37/rotation = Quaternion(5.57493e-09, 1.1921e-07, 0.000834223, 1)
bones/37/scale = Vector3(1, 1, 1)
bones/38/name = "DEF-f_pinky.03.R"
bones/38/parent = 37
bones/38/rest = Transform3D(0.999999, 0.00121904, -2.69992e-11, -0.00121904, 0.999999, 8.83286e-09, 3.77668e-11, -8.83282e-09, 1, 3.58432e-09, 0.0276654, -1.17159e-08)
bones/38/enabled = true
bones/38/position = Vector3(3.58432e-09, 0.0276654, -1.17159e-08)
bones/38/rotation = Quaternion(-4.30591e-09, -2.70965e-14, -0.000609454, 1)
bones/38/scale = Vector3(1, 1, 1)
bones/39/name = "DEF-f_ring.01.R"
bones/39/parent = 29
bones/39/rest = Transform3D(-7.86781e-06, 2.79396e-08, -1, 0.0356008, 0.999366, -2.52178e-07, 0.999366, -0.0356008, -7.86382e-06, 0.000100201, 0.1191, -0.0171)
bones/39/enabled = true
bones/39/position = Vector3(0.000100201, 0.1191, -0.0171)
bones/39/rotation = Quaternion(-0.0125884, -0.706997, 0.0125891, 0.706992)
bones/39/scale = Vector3(1, 1, 1)
bones/40/name = "DEF-f_ring.02.R"
bones/40/parent = 39
bones/40/rest = Transform3D(1, 2.4382e-05, -6.8774e-09, -2.4382e-05, 1, -1.4742e-09, 6.87736e-09, 1.47437e-09, 1, -2.54204e-09, 0.039325, -2.18789e-07)
bones/40/enabled = true
bones/40/position = Vector3(-2.54204e-09, 0.039325, -2.18789e-07)
bones/40/rotation = Quaternion(7.37719e-10, 1.19209e-07, -1.22152e-05, 1)
bones/40/scale = Vector3(1, 1, 1)
bones/41/name = "DEF-f_ring.03.R"
bones/41/parent = 40
bones/41/rest = Transform3D(0.999998, -0.00213413, 5.91123e-11, 0.00213413, 0.999998, -1.54656e-08, -2.61066e-11, 1.54657e-08, 1, 2.45109e-09, 0.0309196, -1.00549e-07)
bones/41/enabled = true
bones/41/position = Vector3(2.45109e-09, 0.0309196, -1.00549e-07)
bones/41/rotation = Quaternion(7.53923e-09, -4.74421e-14, 0.0010671, 0.999999)
bones/41/scale = Vector3(1, 1, 1)
bones/42/name = "DEF-thumb.01.R"
bones/42/parent = 29
bones/42/rest = Transform3D(-0.871831, -0.446201, -0.202027, -0.489806, 0.794797, 0.358312, 0.000691041, 0.411342, -0.911481, -0.0227998, 0.0273, 0.0336)
bones/42/enabled = true
bones/42/position = Vector3(-0.0227998, 0.0273, 0.0336)
bones/42/rotation = Quaternion(-0.247413, 0.945794, 0.203441, -0.0535845)
bones/42/scale = Vector3(1, 1, 1)
bones/43/name = "DEF-thumb.02.R"
bones/43/parent = 42
bones/43/rest = Transform3D(1, 9.57085e-05, 0.000148044, -9.57487e-05, 1, 0.000271332, -0.000148019, -0.000271346, 1, -7.17228e-09, 0.0430299, -1.67638e-08)
bones/43/enabled = true
bones/43/position = Vector3(-7.17228e-09, 0.0430299, -1.67638e-08)
bones/43/rotation = Quaternion(-0.000135686, 7.40884e-05, -4.79221e-05, 1)
bones/43/scale = Vector3(1, 1, 1)
bones/44/name = "DEF-thumb.03.R"
bones/44/parent = 43
bones/44/rest = Transform3D(0.999999, -0.00107067, -0.000161733, 0.00107059, 0.999999, -0.000495789, 0.000162264, 0.000495615, 1, -5.58043e-08, 0.0490779, 5.58794e-09)
bones/44/enabled = true
bones/44/position = Vector3(-5.58043e-08, 0.0490779, 5.58794e-09)
bones/44/rotation = Quaternion(0.000247935, -8.10048e-05, 0.000535299, 1)
bones/44/scale = Vector3(1, 1, 1)
bones/45/name = "DEF-thigh.L"
bones/45/parent = 1
bones/45/rest = Transform3D(1, 0, 0, 0, -0.970051, -0.242902, 0, 0.242902, -0.970051, 0.089, 0.0277708, 0.0460238)
bones/45/enabled = true
bones/45/position = Vector3(0.089, 0.0277708, 0.0460238)
bones/45/rotation = Quaternion(0.992484, 0, 0, 0.122373)
bones/45/scale = Vector3(1, 1, 1)
bones/46/name = "DEF-shin.L"
bones/46/parent = 45
bones/46/rest = Transform3D(1, 3.63798e-12, -0.000262522, -1.91964e-05, 0.997323, -0.0731228, 0.000261819, 0.0731228, 0.997323, 7.45058e-09, 0.40031, -2.32831e-10)
bones/46/enabled = true
bones/46/position = Vector3(7.45058e-09, 0.40031, -2.32831e-10)
bones/46/rotation = Quaternion(0.0365897, -0.000131174, -4.79784e-06, 0.99933)
bones/46/scale = Vector3(1, 1, 1)
bones/47/name = "DEF-foot.L"
bones/47/parent = 46
bones/47/rest = Transform3D(1, -0.000235723, -0.000920247, 0.000930062, 0.440166, 0.897916, 0.000193402, -0.897916, 0.440166, -7.21911e-09, 0.42948, 2.40834e-09)
bones/47/enabled = true
bones/47/position = Vector3(-7.21911e-09, 0.42948, 2.40834e-09)
bones/47/rotation = Quaternion(-0.529073, -0.00032809, 0.00034345, 0.848576)
bones/47/scale = Vector3(1, 1, 1)
bones/48/name = "DEF-toe.L"
bones/48/parent = 47
bones/48/rest = Transform3D(-1, -0.000528954, -0.000890596, 2.08383e-08, 0.859776, -0.510672, 0.00103584, -0.510672, -0.859775, 3.91992e-09, 0.173301, -8.57835e-09)
bones/48/enabled = true
bones/48/position = Vector3(3.91992e-09, 0.173301, -8.57835e-09)
bones/48/rotation = Quaternion(-0.000137176, 0.964307, -0.264787, -0.000499427)
bones/48/scale = Vector3(1, 1, 1)
bones/49/name = "DEF-thigh.R"
bones/49/parent = 1
bones/49/rest = Transform3D(1, 0, 0, 0, -0.970051, -0.242902, 0, 0.242902, -0.970051, -0.089, 0.0277708, 0.0460238)
bones/49/enabled = true
bones/49/position = Vector3(-0.089, 0.0277708, 0.0460238)
bones/49/rotation = Quaternion(0.992484, 9.23608e-09, -1.13876e-09, 0.122373)
bones/49/scale = Vector3(1, 1, 1)
bones/50/name = "DEF-shin.R"
bones/50/parent = 49
bones/50/rest = Transform3D(1, 3.63798e-12, -0.000262522, -1.91964e-05, 0.997323, -0.0731228, 0.000261819, 0.0731228, 0.997323, -7.45058e-09, 0.40031, -2.32831e-10)
bones/50/enabled = true
bones/50/position = Vector3(-7.45058e-09, 0.40031, -2.32831e-10)
bones/50/rotation = Quaternion(0.0365897, -0.000131173, -4.79752e-06, 0.99933)
bones/50/scale = Vector3(1, 1, 1)
bones/51/name = "DEF-foot.R"
bones/51/parent = 50
bones/51/rest = Transform3D(1, -0.000235723, -0.000920247, 0.000930062, 0.440166, 0.897916, 0.000193402, -0.897916, 0.440166, 7.68205e-09, 0.42948, 1.31695e-09)
bones/51/enabled = true
bones/51/position = Vector3(7.68205e-09, 0.42948, 1.31695e-09)
bones/51/rotation = Quaternion(-0.529073, -0.000328095, 0.000343458, 0.848576)
bones/51/scale = Vector3(1, 1, 1)
bones/52/name = "DEF-toe.R"
bones/52/parent = 51
bones/52/rest = Transform3D(-1, -0.000528954, -0.000890596, 2.08383e-08, 0.859776, -0.510672, 0.00103584, -0.510672, -0.859775, -3.53066e-09, 0.173301, -8.18545e-09)
bones/52/enabled = true
bones/52/position = Vector3(-3.53066e-09, 0.173301, -8.18545e-09)
bones/52/rotation = Quaternion(-0.000137176, 0.964307, -0.264787, -0.000499427)
bones/52/scale = Vector3(1, 1, 1)

[node name="Mannequin" type="MeshInstance3D" parent="Rig/Skeleton3D"]
mesh = ExtResource("2_svcap")
skin = SubResource("Skin_828xx")

[node name="AnimationPlayer" type="AnimationPlayer" parent="."]
libraries = {
&"": SubResource("AnimationLibrary_r25lx")
}

