[gd_scene load_steps=2 format=3 uid="uid://bm00reg6jvj1u"]

[ext_resource type="PackedScene" uid="uid://ca46hou0sffmq" path="res://scenes/Player.tscn" id="1_dojpo"]

[node name="TestLevel" type="Node3D"]

[node name="DirectionalLight3D" type="DirectionalLight3D" parent="."]
transform = Transform3D(0.853551, 0.290455, -0.432536, 0, 0.830187, 0.557484, 0.52101, -0.475841, 0.708607, 0, 0, 0)

[node name="Player" parent="." instance=ExtResource("1_dojpo")]
transform = Transform3D(1, 0, 0, 0, 1, 0, 0, 0, 1, 0, 1.17007, 0)

[node name="CSGBox3D" type="CSGBox3D" parent="."]
transform = Transform3D(1, 0, 0, 0, 1, 0, 0, 0, 1, 0, -0.5, 0)
size = Vector3(20, 1, 20)

[node name="CSGBox3D2" type="CSGBox3D" parent="."]
transform = Transform3D(0.832863, 0, -0.553479, 0, 1, 0, 0.553479, 0, 0.832863, -4.65089, 0.287935, -4.63113)
size = Vector3(4.46826, 1, 3.12695)

[node name="CSGBox3D5" type="CSGBox3D" parent="."]
transform = Transform3D(0.493335, 0.805691, -0.327846, -0.67103, 0.592337, 0.445933, 0.553479, 0, 0.832863, -6.66875, 0.230415, 6.6814)
size = Vector3(4.46826, 2.08789, 1.02051)

[node name="CSGBox3D3" type="CSGBox3D" parent="."]
transform = Transform3D(1, 0, 0, 0, 1, 0, 0, 0, 1, 4.19589, 0.654541, -6)
size = Vector3(1.91504, 2.30908, 1)

[node name="CSGBox3D4" type="CSGBox3D" parent="."]
transform = Transform3D(1, 0, 0, 0, 0.837299, -0.546745, 0, 0.546745, 0.837299, 4.19589, 0.562064, 3.53837)
size = Vector3(1.91504, 2.61731, 1)
