[gd_scene load_steps=11 format=3 uid="uid://bm00reg6jvj1u"]

[ext_resource type="Texture2D" uid="uid://7vyoi1ph5aqk" path="res://addons/kenney_prototype_textures/dark/texture_09.png" id="1_df0lk"]
[ext_resource type="Texture2D" uid="uid://d0aotfvkbyt3d" path="res://addons/kenney_prototype_textures/orange/texture_08.png" id="2_i6x8u"]
[ext_resource type="PackedScene" uid="uid://bk6cwu1l28all" path="res://scenes/resource_node.tscn" id="3_df0lk"]
[ext_resource type="PackedScene" uid="uid://d0amuar4s1s0g" path="res://scenes/Player.tscn" id="3_i6x8u"]
[ext_resource type="PackedScene" uid="uid://cbcvovk0dyots" path="res://scenes/damage_object.tscn" id="5_8xg12"]

[sub_resource type="StandardMaterial3D" id="StandardMaterial3D_5n3yh"]
albedo_texture = ExtResource("1_df0lk")
uv1_triplanar = true

[sub_resource type="StandardMaterial3D" id="StandardMaterial3D_8xg12"]
albedo_texture = ExtResource("2_i6x8u")
uv1_triplanar = true

[sub_resource type="ProceduralSkyMaterial" id="ProceduralSkyMaterial_df0lk"]

[sub_resource type="Sky" id="Sky_i6x8u"]
sky_material = SubResource("ProceduralSkyMaterial_df0lk")

[sub_resource type="Environment" id="Environment_8xg12"]
background_mode = 2
sky = SubResource("Sky_i6x8u")

[node name="TestLevel" type="Node3D"]

[node name="DirectionalLight3D" type="DirectionalLight3D" parent="."]
transform = Transform3D(0.853551, 0.290455, -0.432536, 0, 0.830187, 0.557484, 0.52101, -0.475841, 0.708607, 0, 0, 0)
shadow_enabled = true

[node name="Surfaces" type="Node" parent="."]

[node name="CSGBox3D" type="CSGBox3D" parent="Surfaces"]
transform = Transform3D(1, 0, 0, 0, 1, 0, 0, 0, 1, 0, -0.5, 0)
use_collision = true
size = Vector3(20, 1, 20)
material = SubResource("StandardMaterial3D_5n3yh")

[node name="CSGBox3D2" type="CSGBox3D" parent="Surfaces"]
transform = Transform3D(0.832863, 0, -0.553479, 0, 1, 0, 0.553479, 0, 0.832863, -4.65089, 0.287935, -4.63113)
use_collision = true
size = Vector3(4.46826, 1, 3.12695)
material = SubResource("StandardMaterial3D_8xg12")

[node name="CSGBox3D5" type="CSGBox3D" parent="Surfaces"]
transform = Transform3D(0.0284997, 0.999415, -0.0189396, -0.61863, 0.0325178, 0.785009, 0.785165, -0.0106561, 0.619194, -6.66875, -0.041833, 6.6814)
use_collision = true
size = Vector3(4.46826, 2.08789, 1.02051)
material = SubResource("StandardMaterial3D_8xg12")

[node name="CSGBox3D3" type="CSGBox3D" parent="Surfaces"]
transform = Transform3D(1, 0, 0, 0, 1, 0, 0, 0, 1, 4.19589, 0.654541, -6)
use_collision = true
size = Vector3(1.91504, 2.30908, 1)
material = SubResource("StandardMaterial3D_8xg12")

[node name="CSGBox3D4" type="CSGBox3D" parent="Surfaces"]
transform = Transform3D(1, 0, 0, 0, 0.587121, -0.809499, 0, 0.809499, 0.587121, 4.19589, 0.11726, 3.53837)
use_collision = true
size = Vector3(1.91504, 2.61731, 1)
material = SubResource("StandardMaterial3D_8xg12")

[node name="Player" parent="." instance=ExtResource("3_i6x8u")]

[node name="WorldEnvironment" type="WorldEnvironment" parent="."]
environment = SubResource("Environment_8xg12")

[node name="ResourceNode" parent="." instance=ExtResource("3_df0lk")]
transform = Transform3D(1, 0, 0, 0, 1, 0, 0, 0, 1, 6.86167, 1.46844, 0)

[node name="DamageObject" parent="." instance=ExtResource("5_8xg12")]
transform = Transform3D(1, 0, 0, 0, 1, 0, 0, 0, 1, -4.68926, 1.46844, 0)
