[gd_scene load_steps=5 format=3 uid="uid://bm00reg6jvj1u"]

[ext_resource type="Script" uid="uid://588nf5gt8xjb" path="res://scripts/test_damage.gd" id="2_1fpmp"]
[ext_resource type="PackedScene" uid="uid://bk6cwu1l28all" path="res://scenes/resource_node.tscn" id="3_df0lk"]
[ext_resource type="PackedScene" uid="uid://d0amuar4s1s0g" path="res://scenes/Player.tscn" id="3_i6x8u"]

[sub_resource type="StandardMaterial3D" id="StandardMaterial3D_1fpmp"]
albedo_color = Color(1, 0, 0, 1)

[node name="TestLevel" type="Node3D"]

[node name="DirectionalLight3D" type="DirectionalLight3D" parent="."]
transform = Transform3D(0.853551, 0.290455, -0.432536, 0, 0.830187, 0.557484, 0.52101, -0.475841, 0.708607, 0, 0, 0)

[node name="DamageObject" type="CSGSphere3D" parent="."]
transform = Transform3D(1, 0, 0, 0, 1, 0, 0, 0, 1, 4.14353, 1.27879, -2.52885)
use_collision = true
material = SubResource("StandardMaterial3D_1fpmp")
script = ExtResource("2_1fpmp")

[node name="ResourceNode" parent="." instance=ExtResource("3_df0lk")]
transform = Transform3D(1, 0, 0, 0, 1, 0, 0, 0, 1, 0, 1.30094, 5.93263)

[node name="Surfaces" type="Node" parent="."]

[node name="CSGBox3D" type="CSGBox3D" parent="Surfaces"]
transform = Transform3D(1, 0, 0, 0, 1, 0, 0, 0, 1, 0, -0.5, 0)
use_collision = true
size = Vector3(20, 1, 20)

[node name="CSGBox3D2" type="CSGBox3D" parent="Surfaces"]
transform = Transform3D(0.832863, 0, -0.553479, 0, 1, 0, 0.553479, 0, 0.832863, -4.65089, 0.287935, -4.63113)
use_collision = true
size = Vector3(4.46826, 1, 3.12695)

[node name="CSGBox3D5" type="CSGBox3D" parent="Surfaces"]
transform = Transform3D(0.0284997, 0.999415, -0.0189396, -0.61863, 0.0325178, 0.785009, 0.785165, -0.0106561, 0.619194, -6.66875, -0.041833, 6.6814)
use_collision = true
size = Vector3(4.46826, 2.08789, 1.02051)

[node name="CSGBox3D3" type="CSGBox3D" parent="Surfaces"]
transform = Transform3D(1, 0, 0, 0, 1, 0, 0, 0, 1, 4.19589, 0.654541, -6)
use_collision = true
size = Vector3(1.91504, 2.30908, 1)

[node name="CSGBox3D4" type="CSGBox3D" parent="Surfaces"]
transform = Transform3D(1, 0, 0, 0, 0.587121, -0.809499, 0, 0.809499, 0.587121, 4.19589, 0.11726, 3.53837)
use_collision = true
size = Vector3(1.91504, 2.61731, 1)

[node name="Player" parent="." instance=ExtResource("3_i6x8u")]
walking_speed = 3.0
jogging_speed = 5.0
sprinting_speed = 8.0
crouching_speed = 2.0
acceleration = 10.0
deceleration = 15.0
jump_height = 4.5
crouch_jump_height = 3.0
jump_cooldown = 0.2
mouse_sensitivity = 0.003
max_health = 100.0
max_shield = 100.0
shield_regen_rate = 5.0
shield_regen_delay = 3.0
max_stamina = 100.0
stamina_regen_rate = 10.0
stamina_drain_rate = 15.0
stamina_recovery_delay = 1.5
